Results from Epoch10 [RHCS]
created:2022-04-11 14:10:05.478821
Using source files:
 -LoS_measurements_29Mar22.txt
 -Polar_measurements_29Mar22.txt
 -Point_List_29Mar22.txt

Girder_18	3.58072385605	-0.318529562078	-0.446789291789
Girder_9	1.93229759114	0.319273622305	-0.446630560429
K20	0.105958580984	0.0265335765014	-1.34092023942
K2	7.80896264508	-0.0105509903399	0.571171251407
PQK62_4	0.70305816885	-0.189140348104	0.381791338582
PQK36_1	3.58000438542	0.319373041448	-0.259620889918
F	3.73299471328	-0.268912999235	-0.462785761814
K19	-3.28859704061	-2.2576946826	-1.12873534697
K7	1.12004042966	-4.44573875267	-1.34982983811
C	1.46052240762	-0.277169861817	-0.465120071487
PQK62_1	0.703259360187	0.319547018337	-0.260160588442
PQK36_9	3.20064680241	0.190217824625	0.381470499147
K8	-1.07370313091	-4.45789664509	-1.13000846104
B	0.874856567005	-0.275020465826	-0.4648643467
PQK62_2	0.70403214227	0.31967969729	0.260608074631
PQL6_1	2.26669446289	0.319150387019	-0.260167915229
Girder_11	2.26656080756	0.319386341756	-0.448930080096
PQL6_7	1.60720882342	0.319276352311	-0.259522283061
G	4.14332095486	-0.259520728939	-0.461020799379
K11	-3.32769173385	2.24385790426	0.527711715304
PQK62_11	0.323437972202	-0.318747365996	0.26036690526
K3	7.83461654102	-2.24204945547	-1.1109109011
PQL6_8	1.60777411169	0.318705146009	0.260400283103
J	3.07191487264	0.294222076086	-0.463859203516
K	2.38871778639	0.292392075306	-0.465004913563
PQK36_4	3.58022945663	-0.189623894139	0.381522284148
PQL6_2	2.26743387481	0.318909676706	0.26047104377
Girder_10	1.93183255426	-0.318898639002	-0.44586609517
PQL6_12	1.60773742327	-0.318719680374	-0.2594379057
PQK36_3	3.58070097756	0.190872447652	0.381586278611
E	3.06795105982	-0.296728992002	-0.463330951934
PQK62_9	0.322758659335	0.190433882296	0.381352361099
PQK36_7	3.20019478982	0.319274860275	-0.259685539574
PQK62_3	0.703508609391	0.190222207457	0.381400377734
PQK62_12	0.323249436534	-0.318953197854	-0.259958144333
PQL6_11	1.6077031743	-0.318329681694	0.259644795751
Girder_8	1.60772686596	-0.318752153101	-0.448581434978
Girder_5	1.15921070725	0.319239110881	-0.259825783003
PQK36_10	3.20061303117	-0.190332571327	0.381089179299
PQK36_11	3.19986478563	-0.31914516609	0.259700211383
K18	-1.07913512244	-4.44877879164	0.680914791173
PQK36_8	3.20023087913	0.319124590301	0.260081553992
I	3.71391838981	0.285271541374	-0.464604759906
Girder_17	3.58008576355	0.319322899728	-0.448124327409
Girder_6	1.16122703605	-0.318827284719	-0.259537256234
K4	5.66416029694	-4.45103638863	0.641728351333
M	0.87016102527	0.27695934818	-0.463738621051
PQL6_6	2.26743817186	-0.318911206621	-0.259393850473
PQK62_7	0.323364020404	0.319125739768	-0.259616350945
K22	2.62505581531	0.0379071639538	-1.33736730184
PQK36_2	3.58022658804	0.319148346193	0.260124986304
K5	3.42094816352	-4.44904250014	-1.16570455828
Girder_15	3.20040595161	0.319249416255	-0.446784928689
K16	5.59203276937	4.3803097248	0.633875024401
PQL6_5	2.26720835451	-0.318537931495	0.260208847072
K1	7.78797409604	2.25206706607	-1.13479695918
PQL6_4	2.26752738005	-0.189864709378	0.381335037964
PQK62_10	0.323052540146	-0.189755640062	0.38120211107
Girder_3	0.702892639178	0.319412565205	-0.447178894311
PQK36_12	3.20040083321	-0.318762199147	-0.259652466376
K14	1.09622552862	4.38633890796	0.606241601244
D	2.39321705492	-0.275305008546	-0.464725311249
Instrument_0	1.91690380964	-1.48268131785	0.0652258235244
H	4.15302488797	0.285175003526	-0.462753920884
K9	-3.27921678143	-2.25688772155	0.610643835006
Instrument_1	1.98988737638	1.49597687563	0.0759045773202
Girder_16	3.20057961123	-0.318636541027	-0.445835287624
PQK36_5	3.57993417471	-0.318859673371	0.260048809909
PQL6_9	1.60772688193	0.190064295279	0.381354678589
K10	-3.30997688778	-0.00682681074446	-1.10896552403
Girder_14	2.73278604765	-0.318690180808	-0.259302613088
PQL6_3	2.26737979259	0.190070313457	0.381177664417
K6	1.17060453225	-4.44572451903	0.594408681257
K21	1.47523241015	0.0307423119688	-1.33945000864
L	1.50649536394	0.295002079579	-0.464929443643
PQK36_6	3.58047805089	-0.318552758622	-0.259100212829
K12	-3.33678969535	2.21094456656	-1.33907786315
Girder_12	2.26752996458	-0.318992994358	-0.449027600563
PQK62_6	0.702955739288	-0.318551185943	-0.259396217943
PQK62_5	0.703848160393	-0.318611117339	0.259991538819
PQK62_8	0.323857392749	0.319671620493	0.26065137705
K23	4.05810760618	0.00117859999009	-1.34311344552
Girder_2	0.323247622066	-0.319002417237	-0.394496713651
K17	3.41703785764	-4.44687297581	0.581454841403
Girder_7	1.60703304857	0.319545416147	-0.448654012155
PQL6_10	1.60771889636	-0.190037625982	0.381461790858
Girder_13	2.73501257536	0.319279532241	-0.259787725612
K13	-1.15313660709	4.38432866302	-1.13572715715
Girder_1	0.323257226143	0.31890472207	-0.447280597144
Girder_4	0.702612618419	-0.31843603161	-0.4494163446
PQK36_Aus	3.14030838183	9.29848672084e-05	0.000136046577638
PQK36_Ein	3.64031345788	0.000240025813926	0.000617631422742
PQK36_Oben	3.39007015696	0.000143890779015	0.250379252076
PQK36_Mitte	3.3903109939	0.000166465289569	0.000376773086038
PQL6_Aus	1.68688564571	0.000351511946917	0.000782144151821
PQL6_Ein	2.18688996447	0.000371982842307	0.000635428769687
PQL6_Oben	1.93696114914	0.000342522765231	0.250711104679
PQL6_Mitte	1.93688780972	0.000361830952241	0.000708850569712
PQK62_Aus	0.263484848425	0.000236017654635	0.00016488057556
PQK62_Ein	0.763484218543	0.000475105227692	0.000286411100159
PQK62_Oben	0.5134237702	0.000409141532365	0.250225257273
PQK62_Mitte	0.513484537111	0.000355627935912	0.000225629768011
Ori_Instrument_0	-0.00180985173372	-0.00216504687044	-0.349997375681
Ori_Instrument_1	-0.00198234553839	-0.00168835107302	-0.146246363445